# c:csvformat,nodelays,l:0,n:1000,o:file:///Source.dat,aStr:ByteList:ByteList
[19,17,72,62,93,48,90]
[16]
[56,85,71,96,26]
[20,98,76]
[45,19,76,13]
[15,37,91]
[73,82,50,18,2,60,60,37,83]
[89,58]
[51,63,55]
[]
[2,5,45,52,15]
[46,25,88,35,25,86]
[25,76,96,63,82]
[50,1,60,32,57,15,0,25,53]
[23,69,23,54]
[44,56,72,60]
[45,9,30,27]
[46,37,18]
[15,51,58,92,75,98]
[90,4,51,76,56]
[]
[12,54,82,16,80]
[43,86,40,13,61,21,55,69,48]
[3,79,21,16,32]
[70,74,29,41,74,44,77]
[]
[37,18]
[86]
[10,1,25,23]
[63,75,78,47,10,16,18,57]
[92,33,12,30,75]
[32,34,6]
[85,36,57,71,91,34]
[34,30]
[12,92,1,98,20,63,6,89,75]
[]
[]
[9,23]
[54,10,64,26,57,36,45]
[88,98,53,19,91,61,53,50,98]
[2,98,15,57,67,47]
[99,28,74,35]
[17,56]
[93,78]
[]
[31,80,15,76,34,28]
[56,87]
[20,43,64,60]
[89,7,22,43,48,27,42,67]
[17,79,83]
[33,67,58,44]
[54]
[26,89,56,29]
[]
[]
[57,52,83,1,99,66,84,44]
[20,85,60,87,70]
[79,70]
[69,15,13,61]
[81,23,88,85,19,89]
[12,59]
[9,65,89,43]
[45]
[57,58,51,0]
[79,0,42]
[18,26,3,52,29,93]
[13,98]
[50,69,96,26,22,95,82]
[37,34]
[1,86,69,66,12,81,14,69]
[42]
[76,21,50,6]
[32,78,83,28,74,5]
[5,31,38,44,60,11,92,44]
[43,64,58]
[68]
[]
[95,39,81,71,71,86,64]
[11,59,15,61,76,25,54,34]
[75,93,61,33,57,44]
[]
[32,84,39,95,40,45]
[51,81,11,13,39]
[18,25,70,42]
[14,51,95]
[92,16]
[45,74,83]
[2,48,14,10]
[87,24,8,65,73,37]
[34,0,54]
[38,86,71,49,68,54,93]
[28]
[61]
[96,80,20,72,93,41,39,61,62]
[97]
[13,15,40,2,49,44]
[10,19,77,30,46,70]
[87,2,9,5]
[52]
[11,36]
[20,52]
[4,29,64,96,82,36,78,99,2]
[26,59,15,50,34,11,31,73]
[22,76,16,59,88,51]
[]
[]
[82,50,2,13,39,16,72,89,30]
[16]
[65,64,14,15,50,72,6,27]
[25,11,35,75,88]
[]
[51,74,52,29,87,68,53]
[]
[]
[48]
[72,67,12,45]
[70,60,62]
[36,12,13,8,7,21]
[55,25,51,66,2,83,85,20,64]
[88,25,24,80]
[85,9]
[84]
[]
[31,33,40,89,1,97,42,28,15]
[95,4]
[22,37]
[22,9,28,38,86,22,67]
[80]
[26,46]
[]
[68,44,13,26,77,94,32,63,25]
[27,85,47,38]
[12]
[90,3,77,19,26]
[97,69,34,13,96,88,59,45]
[51,58]
[94,43,58]
[0,45,21]
[70,14,98]
[6,14,98,22,36]
[3,42,20,86,68,36,44]
[5,93,99,70,55,75,75,43,3]
[85,73,11,75,46,55,38,33,37]
[]
[28,84,83,96,49,85]
[37,16,78,7,35,93,29]
[43,30,37]
[10,55,86,25,43,86,1]
[21,19,9,78,4,58]
[66,68,68,28,7,86,41]
[85,44]
[99,73,20,36]
[]
[32,65,38]
[85,10,42,53,89,44,46,89,21]
[40,53,33,88,70,70,53,73]
[6,21,91,24]
[]
[]
[43,68,68,28,20]
[79,3,70]
[56,10,14]
[94,36,41,86,51,27,3]
[49,67]
[2,47,81,2,48]
[4,46,93,52,93]
[9,26,72,10,28,67,22,66,31]
[93,58,9,65,57,49,50]
[15,97,69,83,76,21,10,80,11]
[65,89,10,66,77]
[46,21,71,85,73]
[88,15,5,10,55,9]
[]
[16,92,73,66,85,6]
[52,78,91]
[92,91,8,81]
[86,22,61,58,65,40,34,32,94]
[73,90,84,59]
[42,72,27]
[]
[96,46,2,7,88,6,61]
[9,66]
[13,75,27,85]
[14,5]
[]
[19,18,13,54,32]
[1,10,94,25,11,49]
[58,50]
[38,86,26,58,12,69,74,34]
[35,49,59,4,41,72,25]
[75,35]
[4]
[]
[68,44,40,66,78,18]
[]
[60,34,73,47,83,30]
[95,27,27,10]
[36,76]
[5,82,92,41,76,89]
[43,10,26,85,78,52,1]
[55,63,97,2,13,21,83]
[16,18,94,24,80,11]
[34,66,94,19,28,2,54]
[56,17,50,38,12]
[4,45,47,35,51,77,32]
[]
[]
[68]
[1,29,37,98,53,91]
[5,11,15,49]
[]
[49,27,79,45,72,35,78]
[90,42,55]
[55,79]
[]
[98,3,44,19,63,63,29,85,19]
[99,0,67,37,81,82,1,76,9]
[]
[80,36,85,94,38,81,37]
[3,34,91,12]
[31,63]
[92,44,4,4,13,88,7,99,53]
[2,86,98,88,41,48]
[40,49,44,40]
[21,11,68]
[35,1,16]
[]
[11,66,37,56]
[39,55,30,1,46,11,88,1]
[17,10,54,52,81,22]
[90,4,69,16,71,70]
[]
[25,25,48,86,63,45,63,6]
[]
[20,36,10,48,66,99]
[6]
[8,6,92,33,67,3,53]
[52,41,56,26,69,80,40]
[75,76,96,63,9]
[60,86,69,38,39]
[20]
[11,35,93,97]
[89,18,59,99,5,31,59]
[]
[58,31,98,22,96]
[58,84]
[]
[22,63,78,22,28,11,81,64,40]
[93,12,19,7,84,19,77,85]
[53,72,6,86,86,5,1]
[40,14,35,26,90,43,80]
[53,10,74,71,82,4,13,24]
[12,61,7,3]
[67,48]
[15]
[]
[47,34,7,32]
[]
[36,79,57,64]
[46,65,56,91,97,73,42,55,90]
[37,16,2]
[11,17,91,75,36,89,4,67]
[66,64,64]
[50]
[50,63,6,4,79,32]
[45,33,88,99]
[89,54,78]
[54,56,18]
[]
[49,4,74,78]
[63]
[67]
[72]
[25,72,86,67,90,76]
[]
[12,12,96,11,69,89,19,4]
[99,63,39,49,23,88,21,62,3]
[]
[7,65,13,95,35,56]
[46,60,72]
[78,20]
[]
[85,62,83,37,97,8,64,68]
[89]
[6,40,92,11,96]
[89]
[32,19,32,26,71,48]
[81,33,70,22]
[53,8]
[65,81,65,18,66,79,44]
[21,71,88,0,63,70,85]
[36,73,40,2,8,55,4,43]
[86,38,91,16,96,24,66]
[7,59,47,20,2,46,35,39]
[62,28,12,89,80,8,28,55,58]
[43,41,63,44,98,31,38,68]
[47,0,84,51,8,93,83]
[19,85,7,37,45,43,5,45]
[29,8,70,52,86,56,53,84]
[35]
[57,35,74,51,94,41,87,59,67]
[81,24,34,13,8,22]
[]
[7,62,58,43,55,80,34,52]
[31,24,76,12,89,12]
[20,63,42,37,65,99,93,93,84]
[1,97,12,39,58,65,36]
[97,27,49,89,3]
[62,96,77]
[98,80]
[62,79,11,0]
[]
[]
[72,49,16,63,85]
[35,54,2,92,88,33,39,3]
[56,80,32]
[78,72,80,17,89]
[52,53,94,29,78,86,23]
[]
[84,11,2,94,99,14]
[59,43,99]
[3,20,23,95,91]
[63,8,17,57,71,52,61]
[]
[23,28,30,44,43]
[50,85]
[8,10,35,74,60,35,21,88,60]
[62,23]
[85,65]
[65,83,55,66,98,74]
[43,3,57,23,63,2,20,64,72]
[17]
[16,60,52,67,41,71]
[59,24,21,28,71,94,16,46]
[74,1,79,67,82,92,91,64,82]
[92,7]
[88,89]
[59,17,14,64,21,66]
[88,31,24,8,97,34,13,43]
[30,2,82,81,96]
[9,29,11,64]
[77,75,14]
[97,70,66,76,87,44]
[11,23,41,16]
[28,45,61,67,20,50,4]
[4,51,85]
[]
[12,24,2,44,64,52,14]
[]
[44,16,89,63,0,29]
[56,46,5,66]
[13,16,54,31,12,38]
[46]
[0,73,26,8]
[50]
[26,7,97,68,93]
[49,85,62,96]
[18,18,42,57,34,78,83,37]
[71,0,99,44,7,96,54,40,74]
[61,46,97,55,17,58]
[6,79,38,75,89,37,7,71]
[]
[22,5,10]
[67,53,74,22,84,48,46,89]
[3]
[61,40]
[61,57]
[59,79]
[34,91,88]
[25,98,56,42,98,89]
[36,20]
[89,45,6,13,61]
[51,39,83,55,97,77,80,33,47]
[93]
[69,59,3,41,44,63,42]
[13,49,46,50,19]
[17,12,45,90]
[28,18,37,39,4,31,50]
[80,72,91,48,60]
[73,82]
[43,52,97]
[]
[37,47,31,22,37]
[79,45,89,9,53,19,88]
[61,48,18,53,47,17,74,23,79]
[32]
[31,2,30,18,91]
[14,13,58,28,72,47,26,47,51]
[]
[29]
[28,56,70,96,33]
[0,55,7,90,10,64,54,38]
[23,94,95,69,48,65,2,40,56]
[95,84,45,68]
[50,92,3,74,89,50,54]
[33,83,11,28,29,59,1]
[33]
[16]
[28,98,41,89,92,28,71,20]
[2,55,0,55,42]
[74,96,0,21,63,99,11,13,16]
[66]
[30,6]
[36,25,89,6,72]
[86,31,71,84,31,36]
[38,44,56,83,12,53,74,21,43]
[66,76,35,32,96,78]
[]
[89,15,57,96,73,7,41,94]
[29,61,81,95]
[87,88,86,69,6,35]
[46,0,76,1,95,1]
[94,61]
[88,39,9,8,83,58,36,75,75]
[65,95,84]
[]
[86,88,71]
[92,15,43]
[44,16]
[24,0,31,14,66,90,76,18]
[84,80,48,57]
[47,9,19,55,65,65,55,26]
[22]
[36,20,30,43,5,10,49,32]
[50,64,46]
[]
[59,58,37,39]
[44,16,86,65]
[29,58,74,62,35,66,92,31]
[26,77,65]
[9,5,36,26,44]
[35,80,58,90,71]
[10,63,60,54,70,1]
[98,50,69,12,71]
[54,44]
[30,4,51,0,33]
[64,20,17,8,60,68,15,70,77]
[21,72,68,75,53,89,13,47]
[96,89,76]
[]
[34,83,60,97]
[22,67,9,96,62,58,96,81]
[19,15]
[76,25,11,87,25,89]
[38,53,25,39,85,55,0,33]
[29,58,5,53,64]
[57,30,73]
[13,17,90,12,63,20]
[]
[52,50,97]
[47,51,13,26,23,85,7]
[50,90,84,1]
[10,71,32,94,35,79,14,76]
[]
[77,35,72,38,55,74,7]
[57,5,71,51,19,70,18]
[51,40,23,65,3,61,32,93]
[]
[]
[63,36]
[58,43,29,38,38,23,47,46]
[78,48]
[28,56,6]
[11,90]
[79,10,40,43,86,52,18,12,26]
[]
[13,0,21,3,72]
[18,47,35,95,18]
[9,9,73]
[13]
[6,44]
[8,44,0,84]
[51,87,58,63,75,66]
[49,60,51,36,97,42,73,66,81]
[86,38,99]
[58,4,66,89]
[12,35,92,26]
[87]
[27,49,9,72,16,45]
[52,82,86,11,15,3,36,69,0]
[32,0,42,13]
[75,74,83,24,58,49,0]
[55,63,66,55,64,70,47,77]
[71,56,14]
[92,6,32,3,36,5,54]
[43]
[73,5,98,39,73,50]
[18,46,86,76,79,7]
[45,43,51,8,7,47,92]
[51,70,26]
[86,86,66,10,32,39]
[42,81,45,63]
[56,40,15,97,48,1]
[81,74,71,48,63,74,28]
[63]
[]
[70]
[50,99,72,67,86]
[60,9,87,50]
[22,45,46,31,36,52,78,98]
[14,84]
[]
[43,56,20,97,13,61,59]
[67,14,28,3,52]
[]
[0,51,87,39,66,47,25]
[26]
[83,72,20,99,31,7]
[72,85,55,24,5]
[89,96,92,12,63,86,86,18,9]
[]
[0]
[61,62,73,45]
[42,71,17]
[30]
[2,59]
[78,59,4,39,51,81]
[]
[93,62]
[]
[74,1,73,28,96,43,42,80,28]
[85,26,3,2]
[82,7]
[]
[97,52,99,48,66,84]
[]
[12]
[62,44,37,69,87,51,34,49]
[72,41,3,67,48,91,0,16,9]
[6,35,33,33,13,74,88,96,10]
[51,59,93,12,34,2]
[39]
[54,34,98,92,18,63,68]
[]
[71,30,20]
[]
[90,82,50,36,19]
[15,94,94,81,55,86,47,69,83]
[31,23,53,5,5]
[67,5,35,15,50]
[94,1,98,92,4,11,53]
[54,75]
[67,83,8,7,89,22,10]
[51,67]
[74,12,21,80,87]
[73,96,87,50,21,41,2]
[71,58,57,29,41,34,41,18,56]
[51,7,58,81,11]
[30,47,83,57,2]
[51,71,26,46]
[76,15]
[36,15,25,78,4,19,84]
[]
[93]
[36,6,95,60,23,23]
[8]
[69,85,93,37,53,39,93,78]
[16,76,44,66]
[18,87,60,37,33,29,29]
[19,75,33,28,31,52,61,10]
[39,64]
[6,44,19]
[59,88,60,76,55,26,12,84,30]
[]
[14,39,52,72,12,42]
[37,20,68,75,33,25,46,6,8]
[63,69,34,43,17,29,10]
[85,95,88,96,83]
[25,32,8,21,28,18,63,64]
[53,58,2,73,29,21]
[37,80,73,19,36,75,23]
[99,91,63]
[19,98,97,17,16]
[5,7,56,36,52,37,72]
[38,27,72,55]
[89,26,18,79,2,27]
[27]
[46,49,7,12,89]
[38,19]
[29,63,57,32,60,60,24]
[47,75,3]
[0,66,94,36,88]
[99,47,48]
[88,44,54]
[31,64,99,12,43,21]
[31,40,71,28]
[26,56]
[5,75,44,16]
[51,33,29,36,49,67,27,64,91]
[58,80,13,50,59,52,22,69,90]
[37,0,71]
[97,84,7,78,23]
[29,99,6,3]
[]
[3,46,37]
[75]
[16,58,44,17,35,50,44]
[19,90,22,16,87,38]
[4,80,79,50,36,48,49,15]
[11,58,97,7]
[28,27]
[39,45,5,71,18]
[80,54,53,91,87,87,87,62]
[99,53,52,87,86,0,66]
[34,15,79,92]
[35,87,77,46,72,95,21]
[56,77,28,80,11,85,58,44]
[68,43,26,6,90]
[47,52,66,27]
[63,93]
[24,57]
[56,37,55,9,85,56,52,88]
[7]
[22,55,11,93,80,13,94,49]
[65,6,67]
[55,44,0,79]
[25,10,21,18,39]
[]
[12]
[38,89,4,43,0,64,45,34]
[87,67,87,13,62,55]
[40,9,81]
[38,51,57,53,39,8,45]
[82,19,76,22,42,89,88,59,47]
[35,39,20,49,20,93,44,22,86]
[68]
[49,57,69,41,94,11,31,71]
[26]
[40,76,22,24,67,58,48]
[70,59,93,70,41]
[72,49,16,76]
[8,99]
[64,6,47,99,40,56,58,37]
[49,71,82,36]
[22]
[58,24,93,11,98,70]
[6,22]
[38,72,97,61]
[66,30,81,13,86,12,24,65,8]
[83,22,7,69,96,54,57,69,86]
[]
[80,78,35,26,98,48]
[80,41,43,10,36,98,57,83,61]
[72,56]
[42,95,39,69,68,48,43]
[51,28,19,34]
[60]
[0,19,98,15,7]
[]
[49,97,89,10,78,2,77,55,4]
[]
[55,55]
[86,70,71,75,56,73,46]
[57,20,37,30]
[87,90,56]
[46,84,39]
[19,50,56]
[77,14,44,33]
[34,74,83,74,42,80]
[61,88,16,83,0,36,81,75,28]
[22,24,76]
[63,98,25,66,4,46,26,91,26]
[36,55,84,96,14,42]
[65,42,33,69]
[4,21,92,59,62,66]
[42,80,69,31,13]
[]
[45,79,47,69,60]
[2,79,35,46,19,93,86,13,92]
[53,37,87,39,31,95]
[7,7,25,23,18,9]
[1,97,45,86,14]
[93,94,90,56,93,15,95,55]
[3,27,45]
[13,72,20,7,29,3,8]
[37,55,78,43,13,83]
[5,80,45,50,56,42,19]
[45,58]
[18,65]
[58]
[73,80,31]
[18,91,11,11,49,60,65,9]
[96,52]
[97,68,18,96]
[22,0,22,11,93,50]
[53,0,28,58]
[29,89,16,64,88,95,73]
[86]
[83,84]
[78,25,18]
[28,76,6,10,28,52,42]
[3]
[83,20,96,68,10,11,2,39]
[95,51,99,98,74,27,73,87,63]
[34,6,56,42,49,15,86,86,94]
[94,77,85,72]
[4]
[97,82,49,48]
[92]
[35,92,97,94]
[47,89]
[81,86,77,97,62,84,14,42,77]
[]
[46,27,56,53,90,37,96,94,3]
[37,98,54,79]
[50,11,48,40,44]
[35]
[26,98,57,78,41,58]
[91,83,60,56,83]
[86,91,36,72]
[50]
[56,39,55,12,66,20,58]
[45,37,85,77]
[59,70,25,73,88,86,98,58]
[87,68,81,55,56]
[40,69,74,93,11,23,93,73,72]
[62]
[81,9,26,36,13,38,51,54]
[92,31,88,57,11,62,68]
[20,50,46,28,72,7,18,38]
[84,68,61,32,0,68,65,34,13]
[86,23,72,36,34,39,62,13]
[24,88,6,76,33,31,19,26,90]
[65,62,65,33,19,15,66]
[]
[83,90,48,46,75,5,64,80]
[25,94,75,86,38]
[11,11,30]
[]
[30,26,42,49,35]
[87,50,22]
[35,66,17,84,42,25]
[10,38,12,36,79,9,62,79]
[23,25,0,29,50,58,26]
[84,17,0,83,73]
[62]
[29,58,67,55,95,70,93,13]
[20,20,85]
[17,89]
[41,14,53,12]
[71,64,0,29,51,12,88]
[62,86,87,20,56,37,3,60,49]
[5,58,86,88,92,14]
[46,30,82,42,15,55,86,18]
[38,73,0,44,93,37,31]
[91,79,88,29]
[29,98,83,54,39,73,27]
[49,78,27]
[4,58,36,42,19]
[91,79,24,83,55,52,63,76,48]
[22,59]
[]
[91,85,66,13,82,7]
[70,21,63,13,63,93,45,23]
[36]
[68,75,57,13,40,69,80]
[20]
[37,64,32,89,22,39,46,23]
[11,23,64,81]
[29]
[69,76,28]
[6,46]
[69,29,1,43,94]
[]
[]
[68,84,54]
[67,45,4,84]
[82,35,14,53,38,7]
[]
[89,37,23]
[]
[21,50,7,91,78,53,13]
[]
[29,0,5,80,26,61,18,51,33]
[73,38,61,53,94,96,36]
[]
[55,7,54,68,17,95,79,74]
[56,95,66,7,95,58,15,67,61]
[99,14,29,3]
[65,64,90,72,10]
[29,8]
[98,40,37,22,73,19,59,48,82]
[93,75,50,95]
[]
[91,20,27,92,40,15,40,78,79]
[83,47,74]
[7,64,63,5,3,85,16]
[29,65,96]
[31,6,63,15,98,73,4,70,96]
[36,78,17,79,56,30,78]
[26,74,8,70,27,7,40]
[52,13,1]
[96,19,74]
[16,97]
[77,0,51,35,3,26,73,48]
[95,28,36,19,52,21,32,6]
[48,93]
[41,20,40,3,43,79,50]
[73,90,34,31]
[18,77]
[1,62]
[16,78,25,45,14,23,63]
[87]
[45,99]
[51,8,58,73,2,80,6,62,92]
[9,43,17,4]
[7,58,65,59]
[26,8,19,82,81,13,57,95,96]
[55,61,27,20,87,18,26,85]
[67,59,40,1,47,1]
[29,76]
[67,74,74]
[79]
[62,34,47,89,95,82,46,96,30]
[65,46,83,33,17,90,13,58,19]
[]
[10,27,53]
[82,32,69,39]
[17,98,46]
[66,57]
[51,39,9,45,83]
[71,79]
[29,20,99]
[33,46,50,53,85]
[87,28,56,85,33,1]
[]
[0,37,65]
[32,92]
[63,52,23,28,53,93,59,62]
[]
[27,2,60,3,96,25,14]
[]
[21]
[2]
[]
[83,6,71,54,96,57,11,96]
[21,23,35,25,78,31,65]
[97,13]
[95,6,7,88,23,74]
[]
[34,4,7,98,61,96,53,3]
[6,23,61,86,10,18]
[]
[60,31,10,76,95,90]
[73,35,5,48,80,55,50]
[91,76,14,62,93,7,23,24,57]
[79,69,90,19,41]
[46,26,18,66,3,84,75,33,96]
[72,46,2,65,84]
[38,1,47,82,7,24,52]
[41,19,72,2,46,91,26,71]
[]
[41,64]
[90,75,24,83,94]
[93,31,79,34,40,27,19]
[35,51,42,30,42,0,81,86,14]
[97,6,43,57,70,3]
[35,29]
[76,75,41]
[76,2,59,6]
[71,43,12,11,1,24,95,55,63]
[]
[39,71]
[53,66,20,8,16,96,18]
[42,85,53,13,71,44,37,54]
[]
[44,16,43,83,4,71]
[64,44]
[65,99]
[47,97,26,96]
[7,1,36]
[44,10,32,50,44]
[13,17,66,85,57,76,24,52,14]
[90,52,90,75,30,47,22,98]
[]
[63,82,25,49,46,70,99]
[]
[51,22,29,55,84,90,34]
[62,2,25,60,62,18,27]
[97,48,97,3,29,44,82]
[94]
[49,35,37,50,37,51,65,51]
[9,80,39]
[85,23,26,65,11,51,73,28,64]
[35,98,2,62]
[77,29,34,25,50,40]
[40,29,75,60,92,4,35,83,44]
[67,75,63,66,63,65,50,76,69]
[93,97,84]
[6,87,40]
[88,25,36,99,39]
[37,27,9,0,80,11,8,45,51]
[83,15,35,50,23]
[47,27,98,37]
[46,39,62,92,5,23,57,29,77]
[15]
[]
[72,61,69,77,74,4,82,32]
[69,82,2,62,1,72,10]
[50,22]
[73,16,91,90,24,80,22]
[16,55,83,85]
[34]
[59,21,43,27,98,20,15,11]
[93,99,98,55,60]
[4,60,27,38,87,76,64,23]
[43,10,76,79,69,96,66,52]
[14,81,31]
[0,57,29]
[16,13,57,32,25,29,27,72,90]
[8,61]
[97,80,90,12,85,55,81]
[13,23,49,74]
[47,45,75,79,76,56,71]
[62]
[27,66,70,14,14,90,2]
[44,95,39,90,81,37]
[32,85,12,68,22,19,86,99]
[77,37,4,81,71,36,44,58]
[]
[80,23]
[]
[36,2,18,38,47,60,10]
[6]
[32,69,47,4,13,42]
[13,86]
[35,88]
[38,91,27,87,61,49]
[52]
[1,68,53,27]
[74,78,32,33,8,12,9]
[75]
[27,70,99,20,50,63,36,85]
[29,56,57]
[50,36,48,31,71]
[]
[37,87,64,97,56,17,3]
[40]
[77,69,66,12,16,99,50]
[39,12,6,91]
[37,88,59,5,48]
[74,6,37,28,0,21,18]
[65]
[97,89,27,7,94]
[83,67,37,45,9,15,31,32]
[80,80,1,43]
[27,77]
[48]
[95,89,59,42,6,57,78]
[38,71,27,13,40,28,64]
[30,2,18,7,49,88,42,54,97]
[71,70,31]
[9]
[27,38,70,77,80,69,82,21]
[66,42,76,84]
[]
[77,79,11,98,46,28,32]
[67,98,76,14,57,58,68]
[3]
[91]
[4,28,74,34,34]
[78,1,37,63]
[83,61,20,11,39,75,32,25]
[71,10,25,57,89,59,92,19,54]
[98,30,0,69,58,79,74]
[88,59,11,37,53,33,99]
[48,31,8,48]
[84,0,92,66,84,6]
[]
[79,69]
[33,31,54,88,5,6]
[40,64,58]
[83,2,68,54,78,99]
[41,8]
[6,97,61,75,42,41,9,23]
[86,34]
[72]
[17,5,2,14]
[66,79,43,84,88,41,70,9,77]
[23,87,69,41,73,76,57,19,74]
[37,7,95,50,24,2,32,0]
[42,95]
[24,5,65]
[19,58,24,61,21,24]
[99,16,95,48,82]
[64,15,14,69,4,95,75,59]
[59,86,89,61]
[23,34,61,25,7,7]
[81,8,25,86,57,50]
[8,38,23,65,98,91,23]
[51,81,13]
[81,23,9,80]
[52,62,42,63,45,62]
[29,42,70,56,5,2,6,39,28]
[]
[]
[69,63,14,38]
[45,92]
[]
[44,0,76,46,37,17,45,38,89]
