AlgorithmParameters.java 5808 34.55 15.0 45.31 54176.0 54176.0 0.0
AlternativeBlock.java 7602 19.1 15.0 10.94 85216.0 85216.0 0.0
Analyzer.java 33760 57.5 55.0 4.69 272480.0 272480.0 0.0
AntlrCodeGenerator.java 24427 37.85 37.0 1.65 165088.0 165088.0 0.0
AsnObjectId.java 6018 14.35 13.0 2.71 86616.0 86616.0 0.0
AsnOutputStream.java 3972 7.1 7.0 0.44 34064.0 34064.0 0.0
AsnSequence.java 2028 5.6 5.0 1.98 33560.0 33560.0 0.0
BlockCipher.java 12574 20.1 19.0 2.9 91352.0 91352.0 0.0
Blowfish.java 32732 56.0 55.0 2.37 285208.0 285208.0 0.0
CAST5.java 68774 105.3 105.0 2.41 553768.0 553768.0 0.0
CSharpCodeGenerator.java 126653 207.8 208.0 2.66 1219912.0 1219912.0 0.0
CharClass.java 9545 19.8 17.0 8.23 91368.0 91368.0 0.0
Checker.java 10966 20.25 20.0 1.79 139800.0 139800.0 0.0
Cipher.java 19692 29.0 28.0 2.0 152120.0 152120.0 0.0
CodeGenerator.java 51685 91.1 90.0 3.96 670544.0 670544.0 0.0
CppCodeGenerator.java 137702 223.9 223.0 2.98 1397184.0 1397184.0 0.0
DefineGrammarSymbols.java 32756 50.75 50.0 0.99 328928.0 328928.0 0.0
Grammar.java 9600 15.55 15.0 0.74 94008.0 94008.0 0.0
HTMLCodeGenerator.java 26493 39.9 40.0 1.09 201904.0 201904.0 0.0
JavaCodeGenerator.java 133657 205.05 197.0 36.26 1099304.0 1099304.0 0.0
LLkAnalyzer.java 46032 77.7 74.0 16.61 405304.0 405304.0 0.0
MARS.java 22680 50.15 50.0 2.46 314664.0 314664.0 0.0
MakeGrammar.java 32558 53.05 53.0 1.07 371096.0 371096.0 0.0
MessageDigestSpi.java 1305 2.5 3.0 0.5 9384.0 9384.0 0.0
NestedReader.java 6500 9.9 10.0 0.44 48584.0 48584.0 0.0
Node.java 4654 7.05 7.0 0.67 33168.0 33168.0 0.0
PackratParser.java 9054 14.95 15.0 0.8 72392.0 72392.0 0.0
Pair.java 4412 7.25 7.0 0.62 36864.0 36864.0 0.0
PrettyPrinter.java 13832 27.05 27.0 0.59 221928.0 221928.0 0.0
Printer.java 9109 14.55 14.0 0.86 65760.0 65760.0 0.0
RSAPrivateKey.java 766 1.65 2.0 0.48 10392.0 10392.0 0.0
Rijndael.java 21969 77.2 77.0 2.11 639784.0 639784.0 0.0
Serpent.java 33765 99.25 100.0 1.37 753176.0 753176.0 0.0
Tiger.java 46902 74.35 75.0 1.19 333440.0 333440.0 0.0
TokenBuffer.java 3708 6.35 6.0 0.65 28192.0 28192.0 0.0
TokenQueue.java 2801 5.6 6.0 0.58 28704.0 28704.0 0.0
Tool.java 23139 35.75 35.0 0.94 199232.0 199232.0 0.0
Transformer.java 17228 31.65 31.0 1.06 209496.0 209496.0 0.0
Twofish.java 25779 60.55 60.0 2.62 483128.0 483128.0 0.0
Utilities.java 14504 26.45 26.0 1.69 159816.0 159816.0 0.0
Visitor.java 8208 13.3 13.0 0.71 67960.0 67960.0 0.0
