Java Parser Driver   Version 1.1.0   (C) 2004 Robert Grimm
Legend: File, size, time (ave, med, stdev), memory (ave, med, stdev)

AlgorithmParameters.java 5808 33.65 14.0 44.97 54080.0 54080.0 0.0
AlternativeBlock.java 7602 17.35 13.0 10.79 85120.0 85120.0 0.0
Analyzer.java 33760 53.2 51.0 4.25 272192.0 272192.0 0.0
AntlrCodeGenerator.java 24427 34.3 34.0 1.62 164896.0 164896.0 0.0
AsnObjectId.java 6018 12.85 12.0 2.54 86520.0 86520.0 0.0
AsnOutputStream.java 3972 6.4 6.0 0.49 33968.0 33968.0 0.0
AsnSequence.java 2028 4.85 4.0 2.15 33464.0 33464.0 0.0
BlockCipher.java 12574 17.85 17.0 2.57 91208.0 91208.0 0.0
Blowfish.java 32732 51.7 51.0 2.74 284968.0 284968.0 0.0
CAST5.java 68774 96.35 96.0 1.68 553288.0 553288.0 0.0
CSharpCodeGenerator.java 126653 189.5 189.0 3.46 1219096.0 1219096.0 0.0
CharClass.java 9545 15.95 15.0 1.5 91224.0 91224.0 0.0
Checker.java 10966 18.45 18.0 0.5 139656.0 139656.0 0.0
Cipher.java 19692 25.9 26.0 0.54 151928.0 151928.0 0.0
CodeGenerator.java 51685 84.45 83.0 3.61 670160.0 670160.0 0.0
CppCodeGenerator.java 137702 205.95 205.0 2.36 1396320.0 1396320.0 0.0
DefineGrammarSymbols.java 32756 46.4 46.0 0.58 328688.0 328688.0 0.0
Grammar.java 9600 13.9 14.0 0.44 93864.0 93864.0 0.0
HTMLCodeGenerator.java 26493 36.0 36.0 0.55 201664.0 201664.0 0.0
JavaCodeGenerator.java 133657 179.6 179.0 1.16 1098440.0 1098440.0 0.0
LLkAnalyzer.java 46032 67.95 68.0 0.67 404968.0 404968.0 0.0
MARS.java 22680 47.35 47.0 1.28 314472.0 314472.0 0.0
MakeGrammar.java 32558 49.4 49.0 2.27 370856.0 370856.0 0.0
MessageDigestSpi.java 1305 1.95 2.0 0.22 9288.0 9288.0 0.0
NestedReader.java 6500 9.1 9.0 0.44 48488.0 48488.0 0.0
Node.java 4654 6.25 6.0 0.43 33072.0 33072.0 0.0
PackratParser.java 9054 13.8 14.0 1.08 72248.0 72248.0 0.0
Pair.java 4412 6.45 6.0 0.5 36768.0 36768.0 0.0
PrettyPrinter.java 13832 25.55 26.0 0.59 221784.0 221784.0 0.0
Printer.java 9109 13.25 13.0 0.43 65616.0 65616.0 0.0
RSAPrivateKey.java 766 1.1 1.0 0.3 10296.0 10296.0 0.0
Rijndael.java 21969 74.9 74.0 2.36 639592.0 639592.0 0.0
Serpent.java 33765 95.2 95.0 0.6 752888.0 752888.0 0.0
Tiger.java 46902 69.8 69.0 1.96 333104.0 333104.0 0.0
TokenBuffer.java 3708 5.35 5.0 0.48 28096.0 28096.0 0.0
TokenQueue.java 2801 5.35 5.0 0.73 28608.0 28608.0 0.0
Tool.java 23139 32.85 33.0 0.48 199040.0 199040.0 0.0
Transformer.java 17228 29.15 29.0 0.48 209304.0 209304.0 0.0
Twofish.java 25779 56.45 56.0 0.67 482888.0 482888.0 0.0
Utilities.java 14504 24.55 24.0 1.32 159672.0 159672.0 0.0
Visitor.java 8208 12.2 12.0 0.4 67816.0 67816.0 0.0
