AlgorithmParameters.java 5808 9.7 5.0 11.45 55237.6 55192.0 108.55
AlternativeBlock.java 7602 5.6 5.0 2.08 86608.0 86664.0 76.32
Analyzer.java 33760 18.55 18.0 0.92 275416.0 275416.0 0.0
AntlrCodeGenerator.java 24427 12.4 12.0 0.58 167048.0 167048.0 0.0
AsnObjectId.java 6018 4.55 4.0 0.8 88200.0 88200.0 0.0
AsnOutputStream.java 3972 2.4 2.0 0.73 34520.0 34520.0 0.0
AsnSequence.java 2028 1.8 2.0 0.68 34024.0 34024.0 0.0
BlockCipher.java 12574 6.35 6.0 0.57 92392.0 92392.0 0.0
Blowfish.java 32732 18.2 18.0 0.75 289288.0 289288.0 0.0
CAST5.java 68774 35.1 35.0 0.77 559272.0 559272.0 0.0
CSharpCodeGenerator.java 126653 66.85 66.0 2.5 1231904.0 1231904.0 0.0
CharClass.java 9545 5.55 5.0 0.92 92296.0 92296.0 0.0
Checker.java 10966 6.5 7.0 0.5 141664.0 141664.0 0.0
Cipher.java 19692 9.6 10.0 0.49 154072.0 154072.0 0.0
CodeGenerator.java 51685 28.75 29.0 0.54 676136.0 676136.0 0.0
CppCodeGenerator.java 137702 72.0 72.0 0.77 1410048.0 1410048.0 0.0
DefineGrammarSymbols.java 32756 16.65 17.0 0.57 332176.0 332176.0 0.0
Grammar.java 9600 5.15 5.0 0.48 95518.0 95512.0 10.39
HTMLCodeGenerator.java 26493 12.85 13.0 0.36 204848.0 204848.0 0.0
JavaCodeGenerator.java 133657 64.0 64.0 0.71 1109504.0 1109504.0 0.0
LLkAnalyzer.java 46032 23.6 24.0 0.66 408936.0 408936.0 0.0
MARS.java 22680 15.05 15.0 0.38 318384.0 318384.0 0.0
MakeGrammar.java 32558 17.2 17.0 0.4 374048.0 374048.0 0.0
MessageDigestSpi.java 1305 0.9 1.0 0.3 9592.0 9592.0 0.0
NestedReader.java 6500 3.4 3.0 0.49 49360.0 49360.0 0.0
Node.java 4654 2.3 2.0 0.46 34312.0 34312.0 0.0
PackratParser.java 9054 4.9 5.0 0.44 73128.0 73128.0 0.0
Pair.java 4412 2.4 2.0 0.49 38128.0 38128.0 0.0
PrettyPrinter.java 13832 8.7 9.0 0.46 224344.0 224344.0 0.0
Printer.java 9109 4.6 5.0 0.49 66736.0 66736.0 0.0
RSAPrivateKey.java 766 0.7 1.0 0.46 10616.0 10616.0 0.0
Rijndael.java 21969 21.8 22.0 0.51 644200.0 644200.0 0.0
Serpent.java 33765 28.8 29.0 0.4 758176.0 758176.0 0.0
Tiger.java 46902 23.95 24.0 0.5 337296.0 337296.0 0.0
TokenBuffer.java 3708 2.05 2.0 0.22 28768.0 28768.0 0.0
TokenQueue.java 2801 1.9 2.0 0.3 29416.0 29416.0 0.0
Tool.java 23139 11.5 12.0 0.5 200944.0 200944.0 0.0
Transformer.java 17228 10.1 10.0 0.3 212128.0 212128.0 0.0
Twofish.java 25779 18.4 18.0 0.49 488536.0 488536.0 0.0
Utilities.java 14504 8.15 8.0 0.36 162016.0 162016.0 0.0
Visitor.java 8208 4.4 4.0 0.49 69312.0 69312.0 0.0
