Java Parser Driver   Version 1.2.0   (C) 2004 Robert Grimm
Legend: File, size, time (ave, med, stdev), memory (ave, med, stdev)

AlgorithmParameters.java 5808 8.65 15.0 9.24 54080.0 54080.0 0.0
AlternativeBlock.java 7602 7.8 0.0 9.22 85120.0 85120.0 0.0
Analyzer.java 33760 23.45 31.0 7.86 272192.0 272192.0 0.0
AntlrCodeGenerator.java 24427 15.55 16.0 0.5 164896.0 164896.0 0.0
AsnObjectId.java 6018 7.05 0.0 7.8 86520.0 86520.0 0.0
AsnOutputStream.java 3972 3.9 0.0 6.76 33968.0 33968.0 0.0
AsnSequence.java 2028 1.55 0.0 4.65 33464.0 33464.0 0.0
BlockCipher.java 12574 9.4 15.0 7.68 91208.0 91208.0 0.0
Blowfish.java 32732 22.75 16.0 7.78 284968.0 284968.0 0.0
CAST5.java 68774 42.95 47.0 6.9 553288.0 553288.0 0.0
CharClass.java 9545 7.7 15.0 7.71 91224.0 91224.0 0.0
Checker.java 10966 8.65 15.0 7.83 139656.0 139656.0 0.0
Cipher.java 19692 10.15 15.0 7.46 151928.0 151928.0 0.0
CodeGenerator.java 51685 37.45 31.0 7.8 670160.0 670160.0 0.0
CppCodeGenerator.java 137702 96.15 94.0 5.55 30816.0 30816.0 0.0
CSharpCodeGenerator.java 126653 85.85 93.0 7.86 1219096.0 1219096.0 0.0
DefineGrammarSymbols.java 32756 21.95 16.0 7.71 328688.0 328688.0 0.0
Grammar.java 9600 5.5 0.0 7.5 93864.0 93864.0 0.0
HTMLCodeGenerator.java 26493 15.65 16.0 0.48 201664.0 201664.0 0.0
JavaCodeGenerator.java 133657 86.75 93.0 7.73 1098440.0 1098440.0 0.0
LLkAnalyzer.java 46032 30.55 31.0 3.37 404968.0 404968.0 0.0
MakeGrammar.java 32558 22.65 16.0 7.97 370856.0 370856.0 0.0
MARS.java 22680 23.5 31.0 7.81 314472.0 314472.0 0.0
MessageDigestSpi.java 1305 1.5 0.0 4.5 9288.0 9288.0 0.0
NestedReader.java 6500 3.1 0.0 6.2 48488.0 48488.0 0.0
Node.java 4654 3.1 0.0 6.2 33072.0 33072.0 0.0
PackratParser.java 9054 5.5 0.0 7.5 72248.0 72248.0 0.0
Pair.java 4412 3.15 0.0 6.3 36768.0 36768.0 0.0
PrettyPrinter.java 13832 11.65 15.0 6.74 221784.0 221784.0 0.0
Printer.java 9109 6.25 0.0 7.66 65616.0 65616.0 0.0
Rijndael.java 21969 28.6 31.0 5.71 639592.0 639592.0 0.0
RSAPrivateKey.java 766 2.25 0.0 5.36 10296.0 10296.0 0.0
Serpent.java 33765 39.2 47.0 7.81 752888.0 752888.0 0.0
Tiger.java 46902 29.8 31.0 4.62 333104.0 333104.0 0.0
TokenBuffer.java 3708 2.3 0.0 5.48 28096.0 28096.0 0.0
TokenQueue.java 2801 2.35 0.0 5.6 28608.0 28608.0 0.0
Tool.java 23139 14.85 16.0 3.44 199040.0 199040.0 0.0
Transformer.java 17228 13.55 16.0 5.7 209304.0 209304.0 0.0
Twofish.java 25779 25.0 31.0 7.67 482888.0 482888.0 0.0
Utilities.java 14504 10.95 15.0 7.18 159672.0 159672.0 0.0
Visitor.java 8208 4.75 0.0 7.26 67816.0 67816.0 0.0
