AlgorithmParameters.java 5808 18.65 16.0 10.87 95016.0 95016.0 0.0
AlternativeBlock.java 7602 15.55 11.0 9.93 120720.0 120720.0 0.0
Analyzer.java 33760 31.4 31.0 5.06 288128.0 288128.0 0.0
AntlrCodeGenerator.java 24427 19.3 19.0 1.55 215544.0 215544.0 0.0
AsnObjectId.java 6018 9.55 9.0 2.42 120976.0 120976.0 0.0
AsnOutputStream.java 3972 4.3 4.0 0.71 81472.0 81472.0 0.0
AsnSequence.java 2028 3.95 4.0 1.53 76488.0 76488.0 0.0
BlockCipher.java 12574 9.95 10.0 1.5 132344.0 132344.0 0.0
Blowfish.java 32732 22.45 22.0 2.4 233960.0 233960.0 0.0
CAST5.java 68774 46.05 46.0 2.06 456448.0 456448.0 0.0
CSharpCodeGenerator.java 126653 125.3 115.0 26.23 1176768.0 1176768.0 0.0
CharClass.java 9545 8.8 9.0 1.12 127288.0 127288.0 0.0
Checker.java 10966 11.0 11.0 0.55 167872.0 167872.0 0.0
Cipher.java 19692 14.65 14.0 1.28 183984.0 183984.0 0.0
CodeGenerator.java 51685 52.8 52.0 1.33 600704.0 600704.0 0.0
CppCodeGenerator.java 137702 125.95 126.0 1.43 1347000.0 1347000.0 0.0
DefineGrammarSymbols.java 32756 27.35 27.0 0.91 322096.0 322096.0 0.0
Grammar.java 9600 8.75 9.0 0.7 129368.0 129368.0 0.0
HTMLCodeGenerator.java 26493 21.8 22.0 0.87 248328.0 248328.0 0.0
JavaCodeGenerator.java 133657 106.1 106.0 1.34 1062056.0 1062056.0 0.0
LLkAnalyzer.java 46032 36.35 36.0 0.85 404848.0 404848.0 0.0
MARS.java 22680 25.2 25.0 0.81 286496.0 286496.0 0.0
MakeGrammar.java 32558 29.75 29.0 1.22 354504.0 354504.0 0.0
MessageDigestSpi.java 1305 1.8 2.0 0.68 56904.0 56904.0 0.0
NestedReader.java 6500 5.4 5.0 0.58 92360.0 92360.0 0.0
Node.java 4654 4.0 4.0 0.71 79240.0 79240.0 0.0
PackratParser.java 9054 7.95 7.0 1.6 114496.0 114496.0 0.0
Pair.java 4412 3.85 4.0 0.36 80928.0 80928.0 0.0
PrettyPrinter.java 13832 14.85 15.0 0.73 211040.0 211040.0 0.0
Printer.java 9109 7.65 8.0 0.57 113688.0 113688.0 0.0
RSAPrivateKey.java 766 1.55 2.0 0.59 56648.0 56648.0 0.0
Rijndael.java 21969 28.85 28.0 1.15 385032.0 385032.0 0.0
Serpent.java 33765 36.6 36.0 0.97 503192.0 503192.0 0.0
Tiger.java 46902 40.55 40.0 2.18 411056.0 411056.0 0.0
TokenBuffer.java 3708 3.65 4.0 0.48 76528.0 76528.0 0.0
TokenQueue.java 2801 3.5 3.0 0.59 75392.0 75392.0 0.0
Tool.java 23139 18.35 18.0 0.57 224416.0 224416.0 0.0
Transformer.java 17228 15.65 16.0 0.48 217512.0 217512.0 0.0
Twofish.java 25779 30.9 31.0 0.62 390056.0 390056.0 0.0
Utilities.java 14504 13.45 13.0 2.13 174816.0 174816.0 0.0
Visitor.java 8208 6.85 7.0 0.91 108240.0 108240.0 0.0
