Java Parser Driver   Version 1.2.0   (C) 2004 Robert Grimm
Legend: File, size, time (ave, med, stdev), memory (ave, med, stdev)

AlgorithmParameters.java 5808 3.9 0.0 6.76 94920.0 94920.0 0.0
AlternativeBlock.java 7602 3.9 0.0 6.76 120624.0 120624.0 0.0
Analyzer.java 33760 9.35 15.0 7.64 287840.0 287840.0 0.0
AntlrCodeGenerator.java 24427 3.15 0.0 6.3 215352.0 215352.0 0.0
AsnObjectId.java 6018 3.85 0.0 6.67 120880.0 120880.0 0.0
AsnOutputStream.java 3972 2.35 0.0 5.6 81376.0 81376.0 0.0
AsnSequence.java 2028 0.0 0.0 0.0 76392.0 76392.0 0.0
BlockCipher.java 12574 2.3 0.0 5.48 132200.0 132200.0 0.0
Blowfish.java 32732 9.4 15.0 7.68 233720.0 233720.0 0.0
CAST5.java 68774 17.1 16.0 4.66 455968.0 455968.0 0.0
CharClass.java 9545 2.3 0.0 5.48 127144.0 127144.0 0.0
Checker.java 10966 2.4 0.0 5.71 167728.0 167728.0 0.0
Cipher.java 19692 5.45 0.0 7.43 183792.0 183792.0 0.0
CodeGenerator.java 51685 18.0 16.0 5.62 600320.0 600320.0 0.0
CppCodeGenerator.java 137702 45.35 47.0 4.63 1346136.0 1346136.0 0.0
CSharpCodeGenerator.java 126653 39.6 46.0 7.79 1175952.0 1175952.0 0.0
DefineGrammarSymbols.java 32756 9.35 15.0 7.64 321856.0 321856.0 0.0
Grammar.java 9600 2.35 0.0 5.6 129224.0 129224.0 0.0
HTMLCodeGenerator.java 26493 5.5 0.0 7.5 248088.0 248088.0 0.0
JavaCodeGenerator.java 133657 46.9 47.0 0.3 1061192.0 1061192.0 0.0
LLkAnalyzer.java 46032 10.95 15.0 7.18 404512.0 404512.0 0.0
MakeGrammar.java 32558 10.1 15.0 7.42 354264.0 354264.0 0.0
MARS.java 22680 7.75 15.0 7.76 286304.0 286304.0 0.0
MessageDigestSpi.java 1305 1.55 0.0 4.65 56808.0 56808.0 0.0
NestedReader.java 6500 0.8 0.0 3.49 92264.0 92264.0 0.0
Node.java 4654 0.75 0.0 3.27 79144.0 79144.0 0.0
PackratParser.java 9054 1.5 0.0 4.5 114352.0 114352.0 0.0
Pair.java 4412 1.5 0.0 4.5 80832.0 80832.0 0.0
PrettyPrinter.java 13832 7.05 0.0 7.8 210896.0 210896.0 0.0
Printer.java 9109 1.6 0.0 4.8 113544.0 113544.0 0.0
Rijndael.java 21969 12.45 15.0 6.24 384840.0 384840.0 0.0
RSAPrivateKey.java 766 0.0 0.0 0.0 56552.0 56552.0 0.0
Serpent.java 33765 15.4 15.0 0.49 502904.0 502904.0 0.0
Tiger.java 46902 11.65 15.0 6.74 410720.0 410720.0 0.0
TokenBuffer.java 3708 1.5 0.0 4.5 76432.0 76432.0 0.0
TokenQueue.java 2801 1.55 0.0 4.65 75296.0 75296.0 0.0
Tool.java 23139 11.7 15.0 6.77 224224.0 224224.0 0.0
Transformer.java 17228 0.0 0.0 0.0 217320.0 217320.0 0.0
Twofish.java 25779 11.7 15.0 6.77 389816.0 389816.0 0.0
Utilities.java 14504 4.7 0.0 7.18 174672.0 174672.0 0.0
Visitor.java 8208 0.8 0.0 3.49 108096.0 108096.0 0.0
