AlgorithmParameters.java 5808 5.1 5.0 2.79 95831.2 95872.0 155.06
AlternativeBlock.java 7602 3.9 3.0 2.41 122056.0 122056.0 0.0
Analyzer.java 33760 7.55 7.0 1.36 291863.2 291824.0 52.15
AntlrCodeGenerator.java 24427 4.55 5.0 0.59 218280.0 218280.0 0.0
AsnObjectId.java 6018 2.35 2.0 0.57 122608.0 122608.0 0.0
AsnOutputStream.java 3972 1.05 1.0 0.22 82360.0 82360.0 0.0
AsnSequence.java 2028 1.1 1.0 0.54 77768.0 77768.0 0.0
BlockCipher.java 12574 2.55 3.0 0.59 133864.0 133864.0 0.0
Blowfish.java 32732 5.9 6.0 0.77 237064.0 237064.0 0.0
CAST5.java 68774 11.95 12.0 0.67 463608.0 463608.0 0.0
CSharpCodeGenerator.java 126653 28.05 28.0 1.66 1196936.0 1196936.0 0.0
CharClass.java 9545 2.15 2.0 0.36 128624.0 128624.0 0.0
Checker.java 10966 3.0 3.0 0.0 170008.0 170008.0 0.0
Cipher.java 19692 3.6 4.0 0.49 186168.0 186168.0 0.0
CodeGenerator.java 51685 12.85 13.0 0.36 610848.0 610848.0 0.0
CppCodeGenerator.java 137702 30.7 31.0 0.46 1368400.0 1368400.0 0.0
DefineGrammarSymbols.java 32756 6.55 7.0 0.5 327424.0 327424.0 0.0
Grammar.java 9600 2.15 2.0 0.36 131136.0 131136.0 0.0
HTMLCodeGenerator.java 26493 5.05 5.0 0.22 251640.0 251640.0 0.0
JavaCodeGenerator.java 133657 25.45 25.0 0.5 1080256.0 1080256.0 0.0
LLkAnalyzer.java 46032 8.55 9.0 0.5 411696.0 411696.0 0.0
MARS.java 22680 6.75 7.0 1.09 289424.0 289424.0 0.0
MakeGrammar.java 32558 7.3 7.0 0.56 359568.0 359568.0 0.0
MessageDigestSpi.java 1305 0.45 0.0 0.5 57920.0 57920.0 0.0
NestedReader.java 6500 1.35 1.0 0.48 93216.0 93216.0 0.0
Node.java 4654 1.0 1.0 0.0 80448.0 80448.0 0.0
PackratParser.java 9054 1.75 2.0 0.43 115376.0 115376.0 0.0
Pair.java 4412 1.05 1.0 0.22 82000.0 82000.0 0.0
PrettyPrinter.java 13832 3.6 4.0 0.49 213952.0 213952.0 0.0
Printer.java 9109 1.55 2.0 0.5 115432.0 115432.0 0.0
RSAPrivateKey.java 766 0.45 0.0 0.5 57584.0 57584.0 0.0
Rijndael.java 21969 7.75 8.0 0.54 389208.0 389208.0 0.0
Serpent.java 33765 9.8 10.0 0.51 510536.0 510536.0 0.0
Tiger.java 46902 10.65 11.0 0.73 413672.0 413672.0 0.0
TokenBuffer.java 3708 0.9 1.0 0.3 77224.0 77224.0 0.0
TokenQueue.java 2801 0.95 1.0 0.38 76872.0 76872.0 0.0
Tool.java 23139 4.3 4.0 0.56 227336.0 227336.0 0.0
Transformer.java 17228 3.85 4.0 0.36 220920.0 220920.0 0.0
Twofish.java 25779 8.15 8.0 0.36 396808.0 396808.0 0.0
Utilities.java 14504 3.05 3.0 0.22 176384.0 176384.0 0.0
Visitor.java 8208 1.7 2.0 0.46 109648.0 109648.0 0.0
