Java Parser Driver   Version 1.1.0   (C) 2004 Robert Grimm
Legend: File, size, time (ave, med, stdev), memory (ave, med, stdev)

AlgorithmParameters.java 5808 17.45 16.0 10.73 94920.0 94920.0 0.0
AlternativeBlock.java 7602 14.0 10.0 9.57 120624.0 120624.0 0.0
Analyzer.java 33760 25.75 24.0 4.85 287840.0 287840.0 0.0
AntlrCodeGenerator.java 24427 15.65 15.0 1.65 215352.0 215352.0 0.0
AsnObjectId.java 6018 8.15 7.0 2.63 120880.0 120880.0 0.0
AsnOutputStream.java 3972 3.35 3.0 0.73 81376.0 81376.0 0.0
AsnSequence.java 2028 3.25 3.0 1.37 76392.0 76392.0 0.0
BlockCipher.java 12574 8.25 8.0 0.99 132200.0 132200.0 0.0
Blowfish.java 32732 17.85 18.0 1.24 233720.0 233720.0 0.0
CAST5.java 68774 37.4 37.0 1.11 455968.0 455968.0 0.0
CSharpCodeGenerator.java 126653 97.0 96.0 2.83 1175952.0 1175952.0 0.0
CharClass.java 9545 7.0 7.0 1.0 127144.0 127144.0 0.0
Checker.java 10966 9.3 9.0 0.46 167728.0 167728.0 0.0
Cipher.java 19692 11.85 12.0 0.57 183792.0 183792.0 0.0
CodeGenerator.java 51685 46.1 46.0 0.62 600320.0 600320.0 0.0
CppCodeGenerator.java 137702 108.4 108.0 0.58 1346136.0 1346136.0 0.0
DefineGrammarSymbols.java 32756 22.8 23.0 0.4 321856.0 321856.0 0.0
Grammar.java 9600 7.3 7.0 0.56 129224.0 129224.0 0.0
HTMLCodeGenerator.java 26493 18.05 18.0 0.38 248088.0 248088.0 0.0
JavaCodeGenerator.java 133657 89.3 89.0 0.64 1061192.0 1061192.0 0.0
LLkAnalyzer.java 46032 30.2 30.0 0.4 404512.0 404512.0 0.0
MARS.java 22680 22.05 22.0 0.5 286304.0 286304.0 0.0
MakeGrammar.java 32558 25.4 25.0 0.49 354264.0 354264.0 0.0
MessageDigestSpi.java 1305 1.15 1.0 0.36 56808.0 56808.0 0.0
NestedReader.java 6500 4.2 4.0 0.4 92264.0 92264.0 0.0
Node.java 4654 3.1 3.0 0.3 79144.0 79144.0 0.0
PackratParser.java 9054 6.25 6.0 1.55 114352.0 114352.0 0.0
Pair.java 4412 3.15 3.0 0.36 80832.0 80832.0 0.0
PrettyPrinter.java 13832 12.8 13.0 0.6 210896.0 210896.0 0.0
Printer.java 9109 5.95 6.0 0.5 113544.0 113544.0 0.0
RSAPrivateKey.java 766 1.0 1.0 0.0 56552.0 56552.0 0.0
Rijndael.java 21969 25.85 26.0 1.11 384840.0 384840.0 0.0
Serpent.java 33765 32.1 32.0 0.3 502904.0 502904.0 0.0
Tiger.java 46902 34.5 34.0 0.59 410720.0 410720.0 0.0
TokenBuffer.java 3708 3.05 3.0 0.22 76432.0 76432.0 0.0
TokenQueue.java 2801 2.55 3.0 0.5 75296.0 75296.0 0.0
Tool.java 23139 15.75 16.0 0.54 224224.0 224224.0 0.0
Transformer.java 17228 13.4 13.0 0.49 217320.0 217320.0 0.0
Twofish.java 25779 27.85 28.0 0.73 389816.0 389816.0 0.0
Utilities.java 14504 11.15 11.0 1.59 174672.0 174672.0 0.0
Visitor.java 8208 5.45 5.0 0.5 108096.0 108096.0 0.0
