Java Parser Driver   Version 1.1.0   (C) 2004 Robert Grimm
Legend: File, size, time (ave, med, stdev), memory (ave, med, stdev)

AlgorithmParameters.java 5808 54.45 35.0 49.91 666328.0 666328.0 0.0
AlternativeBlock.java 7602 27.8 25.0 5.03 1044896.0 1044896.0 0.0
Analyzer.java 33760 114.65 112.0 7.69 3671752.0 3671752.0 0.0
AntlrCodeGenerator.java 24427 86.05 86.0 0.67 2522184.0 2522184.0 0.0
AsnObjectId.java 6018 23.65 22.0 4.34 968920.0 968920.0 0.0
AsnOutputStream.java 3972 8.7 9.0 0.46 441592.0 441592.0 0.0
AsnSequence.java 2028 7.15 7.0 0.48 307160.0 307160.0 0.0
BlockCipher.java 12574 24.8 25.0 0.51 1358328.0 1358328.0 0.0
Blowfish.java 32732 151.15 151.0 0.73 3537344.0 3537344.0 0.0
CAST5.java 68774 313.45 314.0 1.02 7770888.0 7770888.0 0.0
CSharpCodeGenerator.java 126653 715.55 714.0 4.71 1.5520464E7 1.5520464E7 0.0
CharClass.java 9545 24.15 24.0 0.73 1168432.0 1168432.0 0.0
Checker.java 10966 34.05 34.0 0.5 1593328.0 1593328.0 0.0
Cipher.java 19692 76.3 75.0 4.23 1982272.0 1982272.0 0.0
CodeGenerator.java 51685 290.05 288.0 8.2 6761344.0 6761344.0 0.0
CppCodeGenerator.java 137702 831.5 807.0 74.54 1.71648E7 1.71648E7 0.0
DefineGrammarSymbols.java 32756 165.4 165.0 3.23 3735784.0 3735784.0 0.0
Grammar.java 9600 25.25 25.0 0.62 1232968.0 1232968.0 0.0
HTMLCodeGenerator.java 26493 100.65 101.0 0.73 2991632.0 2991632.0 0.0
JavaCodeGenerator.java 133657 684.35 684.0 3.48 1.5272928E7 1.5272928E7 0.0
LLkAnalyzer.java 46032 185.45 185.0 3.75 5174288.0 5174288.0 0.0
MARS.java 22680 117.65 118.0 0.79 3368136.0 3368136.0 0.0
MakeGrammar.java 32558 181.55 178.0 16.43 4003976.0 4003976.0 0.0
MessageDigestSpi.java 1305 1.45 1.0 0.5 103264.0 103264.0 0.0
NestedReader.java 6500 12.35 12.0 0.48 679720.0 679720.0 0.0
Node.java 4654 8.1 8.0 0.44 463640.0 463640.0 0.0
PackratParser.java 9054 20.65 21.0 0.57 1046424.0 1046424.0 0.0
Pair.java 4412 8.8 9.0 0.4 469888.0 469888.0 0.0
PrettyPrinter.java 13832 87.35 87.0 0.85 1869016.0 1869016.0 0.0
Printer.java 9109 18.45 18.0 0.5 989712.0 989712.0 0.0
RSAPrivateKey.java 766 1.0 1.0 0.32 65968.0 65968.0 0.0
Rijndael.java 21969 187.5 187.0 0.92 3798120.0 3798120.0 0.0
Serpent.java 33765 307.75 307.0 3.67 5689848.0 5689848.0 0.0
Tiger.java 46902 186.85 186.0 3.62 5241880.0 5241880.0 0.0
TokenBuffer.java 3708 7.15 7.0 0.36 392656.0 392656.0 0.0
TokenQueue.java 2801 7.25 7.0 0.62 341152.0 341152.0 0.0
Tool.java 23139 93.95 94.0 0.8 2651936.0 2651936.0 0.0
Transformer.java 17228 88.1 88.0 1.04 2148832.0 2148832.0 0.0
Twofish.java 25779 182.4 182.0 0.97 3954696.0 3954696.0 0.0
Utilities.java 14504 42.1 41.0 5.14 1887544.0 1887544.0 0.0
Visitor.java 8208 18.15 18.0 0.48 940008.0 940008.0 0.0
