Java Parser Driver   Version 1.5.0   (C) 2004 Robert Grimm
Legend: File, size, time (ave, med, stdev), memory (ave, med, stdev)

AlgorithmParameters.java 5808 56.55 39.0 45.74 393488.0 393488.0 0.0
AlternativeBlock.java 7602 32.7 31.0 4.83 678320.0 678320.0 0.0
Analyzer.java 33760 135.95 134.0 7.6 1880240.0 1880240.0 0.0
AntlrCodeGenerator.java 24427 55.8 56.0 0.68 1535504.0 1535504.0 0.0
AsnObjectId.java 6018 28.05 26.0 4.72 652264.0 652264.0 0.0
AsnOutputStream.java 3972 10.05 10.0 0.59 256280.0 256280.0 0.0
AsnSequence.java 2028 8.7 9.0 0.46 209680.0 209680.0 0.0
BlockCipher.java 12574 29.05 28.0 3.44 771096.0 771096.0 0.0
Blowfish.java 32732 125.95 125.0 2.01 2272736.0 2272736.0 0.0
CAST5.java 68774 328.35 328.0 1.35 4597512.0 4597512.0 0.0
CSharpCodeGenerator.java 126653 705.3 704.0 5.69 1.008556E7 1.008556E7 0.0
CharClass.java 9545 28.4 28.0 0.58 698744.0 698744.0 0.0
Checker.java 10966 40.5 40.0 2.33 1076176.0 1076176.0 0.0
Cipher.java 19692 44.5 44.0 2.27 1233728.0 1233728.0 0.0
CodeGenerator.java 51685 294.95 295.0 3.35 4451488.0 4451488.0 0.0
CppCodeGenerator.java 137702 811.9 812.0 4.3 1.1073024E7 1.1073024E7 0.0
DefineGrammarSymbols.java 32756 142.75 143.0 0.7 2384392.0 2384392.0 0.0
Grammar.java 9600 29.45 29.0 0.74 785832.0 785832.0 0.0
HTMLCodeGenerator.java 26493 72.45 72.0 0.8 1923704.0 1923704.0 0.0
JavaCodeGenerator.java 133657 670.7 670.0 3.21 9381544.0 9381544.0 0.0
LLkAnalyzer.java 46032 168.55 169.0 1.28 3096336.0 3096336.0 0.0
MARS.java 22680 143.9 144.0 1.18 1969872.0 1969872.0 0.0
MakeGrammar.java 32558 158.3 158.0 0.84 2651864.0 2651864.0 0.0
MessageDigestSpi.java 1305 1.9 2.0 0.3 41400.0 41400.0 0.0
NestedReader.java 6500 14.15 14.0 0.36 370560.0 370560.0 0.0
Node.java 4654 9.0 9.0 0.32 244416.0 244416.0 0.0
PackratParser.java 9054 23.8 24.0 0.6 601232.0 601232.0 0.0
Pair.java 4412 10.1 10.0 0.54 258816.0 258816.0 0.0
PrettyPrinter.java 13832 58.55 59.0 0.59 1469408.0 1469408.0 0.0
Printer.java 9109 20.8 21.0 0.68 547248.0 547248.0 0.0
RSAPrivateKey.java 766 1.15 1.0 0.36 31568.0 31568.0 0.0
Rijndael.java 21969 176.6 177.0 0.86 2781976.0 2781976.0 0.0
Serpent.java 33765 313.5 313.0 3.28 3719824.0 3719824.0 0.0
Tiger.java 46902 165.4 165.0 0.86 3071800.0 3071800.0 0.0
TokenBuffer.java 3708 8.55 8.0 0.74 214272.0 214272.0 0.0
TokenQueue.java 2801 8.6 9.0 0.49 200816.0 200816.0 0.0
Tool.java 23139 65.8 66.0 0.68 1804632.0 1804632.0 0.0
Transformer.java 17228 61.55 62.0 0.59 1531488.0 1531488.0 0.0
Twofish.java 25779 165.9 166.0 0.83 2824592.0 2824592.0 0.0
Utilities.java 14504 48.2 47.0 4.58 1167880.0 1167880.0 0.0
Visitor.java 8208 20.9 21.0 0.54 553328.0 553328.0 0.0
