AlgorithmParameters.java 5808 15.05 11.0 12.35 284755.2 284736.0 174.23
AlternativeBlock.java 7602 7.1 7.0 1.34 537168.0 537168.0 0.0
Analyzer.java 33760 19.95 19.0 1.99 1549152.0 1549152.0 0.0
AntlrCodeGenerator.java 24427 12.7 13.0 0.46 1084584.0 1084584.0 0.0
AsnObjectId.java 6018 6.25 6.0 1.18 538928.0 538928.0 0.0
AsnOutputStream.java 3972 2.35 2.0 0.48 182584.0 182584.0 0.0
AsnSequence.java 2028 2.0 2.0 0.0 170920.0 170920.0 0.0
BlockCipher.java 12574 6.65 7.0 0.91 538328.0 538328.0 0.0
Blowfish.java 32732 28.0 28.0 0.71 1552712.0 1552712.0 0.0
CAST5.java 68774 61.45 61.0 0.74 3539392.0 3539392.0 0.0
CSharpCodeGenerator.java 126653 140.5 140.0 1.5 7800416.0 7800416.0 0.0
CharClass.java 9545 6.45 6.0 0.92 521176.0 521176.0 0.0
Checker.java 10966 8.5 9.0 0.5 870696.0 870696.0 0.0
Cipher.java 19692 9.9 10.0 0.44 867752.0 867752.0 0.0
CodeGenerator.java 51685 64.35 64.0 0.48 3330200.0 3330200.0 0.0
CppCodeGenerator.java 137702 165.15 165.0 0.85 8503960.0 8503960.0 0.0
DefineGrammarSymbols.java 32756 32.15 32.0 0.36 1695344.0 1695344.0 0.0
Grammar.java 9600 6.8 7.0 1.5 608544.0 608544.0 0.0
HTMLCodeGenerator.java 26493 15.85 16.0 0.36 1436944.0 1436944.0 0.0
JavaCodeGenerator.java 133657 133.95 134.0 0.92 6910912.0 6910912.0 0.0
LLkAnalyzer.java 46032 37.8 38.0 0.4 2136464.0 2136464.0 0.0
MARS.java 22680 32.2 32.0 0.4 1472600.0 1472600.0 0.0
MakeGrammar.java 32558 35.35 35.0 0.48 1966248.0 1966248.0 0.0
MessageDigestSpi.java 1305 0.55 1.0 0.5 18104.0 18104.0 0.0
NestedReader.java 6500 3.3 3.0 0.46 251000.0 251000.0 0.0
Node.java 4654 2.15 2.0 0.36 159032.0 159032.0 0.0
PackratParser.java 9054 5.3 5.0 0.46 434264.0 434264.0 0.0
Pair.java 4412 2.3 2.0 0.46 178056.0 178056.0 0.0
PrettyPrinter.java 13832 12.55 13.0 0.5 1208400.0 1208400.0 0.0
Printer.java 9109 4.85 5.0 0.36 379296.0 379296.0 0.0
RSAPrivateKey.java 766 0.5 1.0 0.5 17944.0 17944.0 0.0
Rijndael.java 21969 38.95 39.0 0.8 2308288.0 2308288.0 0.0
Serpent.java 33765 55.45 55.0 0.5 3454624.0 3454624.0 0.0
Tiger.java 46902 38.2 38.0 0.51 2046816.0 2046816.0 0.0
TokenBuffer.java 3708 2.05 2.0 0.22 146184.0 146184.0 0.0
TokenQueue.java 2801 1.95 2.0 0.22 148936.0 148936.0 0.0
Tool.java 23139 14.1 14.0 0.44 1377912.0 1377912.0 0.0
Transformer.java 17228 13.1 13.0 0.3 1209320.0 1209320.0 0.0
Twofish.java 25779 37.05 37.0 0.38 2270688.0 2270688.0 0.0
Utilities.java 14504 10.05 10.0 0.22 897040.0 897040.0 0.0
Visitor.java 8208 4.6 5.0 0.49 401536.0 401536.0 0.0
