Java Parser Driver   Version 1.2.0   (C) 2004 Robert Grimm
Legend: File, size, time (ave, med, stdev), memory (ave, med, stdev)

AlgorithmParameters.java 5808 10.2 15.0 9.04 666328.0 666328.0 0.0
AlternativeBlock.java 7602 8.6 15.0 7.79 1044896.0 1044896.0 0.0
Analyzer.java 33760 38.5 32.0 7.7 3572816.0 3572816.0 0.0
AntlrCodeGenerator.java 24427 21.9 16.0 7.54 2583144.0 2583144.0 0.0
AsnObjectId.java 6018 8.55 15.0 7.74 968920.0 968920.0 0.0
AsnOutputStream.java 3972 1.6 0.0 4.8 441592.0 441592.0 0.0
AsnSequence.java 2028 2.35 0.0 5.6 307160.0 307160.0 0.0
BlockCipher.java 12574 8.6 15.0 7.79 1358328.0 1358328.0 0.0
Blowfish.java 32732 44.5 47.0 5.68 3509032.0 3509032.0 0.0
CAST5.java 68774 95.3 94.0 4.58 7723600.0 7723600.0 0.0
CharClass.java 9545 10.15 15.0 7.46 1168432.0 1168432.0 0.0
Checker.java 10966 17.9 16.0 5.52 1395336.0 1395336.0 0.0
Cipher.java 19692 17.85 16.0 5.54 2034568.0 2034568.0 0.0
CodeGenerator.java 51685 89.0 94.0 7.21 6596576.0 6596576.0 0.0
CppCodeGenerator.java 137702 239.1 235.0 7.15 1.6945416E7 1.6945416E7 0.0
CSharpCodeGenerator.java 126653 209.2 203.0 14.32 1.5414632E7 1.5414632E7 0.0
DefineGrammarSymbols.java 32756 46.8 47.0 0.4 3708912.0 3708912.0 0.0
Grammar.java 9600 8.65 15.0 7.83 1232968.0 1232968.0 0.0
HTMLCodeGenerator.java 26493 33.6 31.0 5.51 2898104.0 2898104.0 0.0
JavaCodeGenerator.java 133657 196.0 203.0 7.85 1.5178152E7 1.5178152E7 0.0
LLkAnalyzer.java 46032 61.7 62.0 3.41 4965256.0 4965256.0 0.0
MakeGrammar.java 32558 53.05 47.0 7.63 3974328.0 3974328.0 0.0
MARS.java 22680 44.55 47.0 5.43 3243960.0 3243960.0 0.0
MessageDigestSpi.java 1305 0.8 0.0 3.49 103264.0 103264.0 0.0
NestedReader.java 6500 0.0 0.0 0.0 679720.0 679720.0 0.0
Node.java 4654 2.3 0.0 5.48 463640.0 463640.0 0.0
PackratParser.java 9054 7.0 0.0 7.75 1046424.0 1046424.0 0.0
Pair.java 4412 2.35 0.0 5.6 469888.0 469888.0 0.0
PrettyPrinter.java 13832 23.35 31.0 7.86 1966544.0 1966544.0 0.0
Printer.java 9109 6.2 0.0 7.6 989712.0 989712.0 0.0
Rijndael.java 21969 57.0 62.0 7.46 3763536.0 3763536.0 0.0
RSAPrivateKey.java 766 0.0 0.0 0.0 65968.0 65968.0 0.0
Serpent.java 33765 87.55 93.0 7.61 5761336.0 5761336.0 0.0
Tiger.java 46902 62.5 63.0 0.5 4987568.0 4987568.0 0.0
TokenBuffer.java 3708 3.15 0.0 6.3 392656.0 392656.0 0.0
TokenQueue.java 2801 2.35 0.0 5.6 341152.0 341152.0 0.0
Tool.java 23139 31.25 31.0 0.43 2564440.0 2564440.0 0.0
Transformer.java 17228 24.25 31.0 7.78 2240856.0 2240856.0 0.0
Twofish.java 25779 53.9 47.0 7.74 3927200.0 3927200.0 0.0
Utilities.java 14504 27.4 31.0 6.71 1719064.0 1719064.0 0.0
Visitor.java 8208 7.75 15.0 7.76 940008.0 940008.0 0.0
