Java Parser Driver   Version 1.5.0   (C) 2004 Robert Grimm
Legend: File, size, time (ave, med, stdev), memory (ave, med, stdev)

AlgorithmParameters.java 5808 55.45 40.0 47.24 281272.0 281272.0 0.0
AlternativeBlock.java 7602 29.65 28.0 4.98 529328.0 529328.0 0.0
Analyzer.java 33760 79.25 77.0 7.98 1530960.0 1530960.0 0.0
AntlrCodeGenerator.java 24427 48.75 48.0 1.34 1071128.0 1071128.0 0.0
AsnObjectId.java 6018 25.9 24.0 4.88 531136.0 531136.0 0.0
AsnOutputStream.java 3972 8.6 9.0 0.58 180088.0 180088.0 0.0
AsnSequence.java 2028 7.95 8.0 0.59 168504.0 168504.0 0.0
BlockCipher.java 12574 24.9 24.0 3.06 531000.0 531000.0 0.0
Blowfish.java 32732 108.95 109.0 2.18 1543872.0 1543872.0 0.0
CAST5.java 68774 240.05 240.0 1.32 3514744.0 3514744.0 0.0
CSharpCodeGenerator.java 126653 587.75 588.0 4.36 7759704.0 7759704.0 0.0
CharClass.java 9545 25.2 25.0 0.75 514480.0 514480.0 0.0
Checker.java 10966 37.65 37.0 3.4 859456.0 859456.0 0.0
Cipher.java 19692 38.75 38.0 3.11 856576.0 856576.0 0.0
CodeGenerator.java 51685 263.0 263.0 1.84 3315024.0 3315024.0 0.0
CppCodeGenerator.java 137702 683.6 684.0 2.46 8467368.0 8467368.0 0.0
DefineGrammarSymbols.java 32756 127.65 128.0 1.11 1688096.0 1688096.0 0.0
Grammar.java 9600 26.45 26.0 0.92 599672.0 599672.0 0.0
HTMLCodeGenerator.java 26493 64.3 64.0 1.0 1419232.0 1419232.0 0.0
JavaCodeGenerator.java 133657 548.85 548.0 2.35 6880856.0 6880856.0 0.0
LLkAnalyzer.java 46032 149.0 149.0 1.0 2123152.0 2123152.0 0.0
MARS.java 22680 91.9 92.0 1.37 1962416.0 1962416.0 0.0
MakeGrammar.java 32558 142.65 143.0 1.59 1955408.0 1955408.0 0.0
MessageDigestSpi.java 1305 1.6 2.0 0.49 17480.0 17480.0 0.0
NestedReader.java 6500 12.3 12.0 0.64 247664.0 247664.0 0.0
Node.java 4654 7.95 8.0 0.5 156720.0 156720.0 0.0
PackratParser.java 9054 21.5 21.0 0.87 428312.0 428312.0 0.0
Pair.java 4412 8.65 9.0 0.57 174992.0 174992.0 0.0
PrettyPrinter.java 13832 53.75 53.0 1.55 1194040.0 1194040.0 0.0
Printer.java 9109 18.35 18.0 0.79 374360.0 374360.0 0.0
RSAPrivateKey.java 766 1.1 1.0 0.3 17168.0 17168.0 0.0
Rijndael.java 21969 164.55 165.0 1.69 2291120.0 2291120.0 0.0
Serpent.java 33765 242.95 242.0 4.97 3422984.0 3422984.0 0.0
Tiger.java 46902 146.85 147.0 1.39 2029696.0 2029696.0 0.0
TokenBuffer.java 3708 7.3 7.0 0.46 144080.0 144080.0 0.0
TokenQueue.java 2801 7.5 8.0 0.5 146944.0 146944.0 0.0
Tool.java 23139 59.05 59.0 0.97 1360152.0 1360152.0 0.0
Transformer.java 17228 56.9 57.0 0.83 1194176.0 1194176.0 0.0
Twofish.java 25779 154.4 154.0 3.76 2254312.0 2254312.0 0.0
Utilities.java 14504 43.75 42.0 4.97 885672.0 885672.0 0.0
Visitor.java 8208 18.25 18.0 0.62 396376.0 396376.0 0.0
